%YAML:1.0
---
K: !!opencv-matrix
   rows: 3
   cols: 3
   dt: d
   data: [ 4.1222083554872199e+02, 0., 3.4847763840441866e+02, 0.,
       4.1258399474664651e+02, 2.5856949333791687e+02, 0., 0., 1. ]
D: !!opencv-matrix
   rows: 1
   cols: 5
   dt: d
   data: [ -4.0209218963704868e-01, 2.0032336285811983e-01,
       1.8356372166149254e-03, 1.2058409782366987e-05,
       -5.6851629662983148e-02 ]
