%YAML:1.0
---
K: !!opencv-matrix
   rows: 3
   cols: 3
   dt: d
   data: [ 4.1960011927882755e+02, 0., 3.3726432899956757e+02, 0.,
       4.1993840643763116e+02, 2.6261192667689119e+02, 0., 0., 1. ]
D: !!opencv-matrix
   rows: 1
   cols: 5
   dt: d
   data: [ -4.0743668815051154e-01, 2.0616153315933444e-01,
       1.2087205129621759e-03, -1.3962046325439868e-04,
       -5.8875205672778798e-02 ]
