%YAML:1.0
---
K1: !!opencv-matrix
   rows: 3
   cols: 3
   dt: d
   data: [ 4.1222083554872199e+02, 0., 3.4847763840441866e+02, 0.,
       4.1258399474664651e+02, 2.5856949333791687e+02, 0., 0., 1. ]
D1: !!opencv-matrix
   rows: 1
   cols: 5
   dt: d
   data: [ -4.0209218963704868e-01, 2.0032336285811983e-01,
       1.8356372166149254e-03, 1.2058409782366987e-05,
       -5.6851629662983148e-02 ]
K2: !!opencv-matrix
   rows: 3
   cols: 3
   dt: d
   data: [ 4.1960011927882755e+02, 0., 3.3726432899956757e+02, 0.,
       4.1993840643763116e+02, 2.6261192667689119e+02, 0., 0., 1. ]
D2: !!opencv-matrix
   rows: 1
   cols: 5
   dt: d
   data: [ -4.0743668815051154e-01, 2.0616153315933444e-01,
       1.2087205129621759e-03, -1.3962046325439868e-04,
       -5.8875205672778798e-02 ]
R: !!opencv-matrix
   rows: 3
   cols: 3
   dt: d
   data: [ 9.9992832800762022e-01, -8.7642027260258788e-03,
       8.1564452099115586e-03, 8.7654752097052809e-03,
       9.9996157525104645e-01, -1.2027382900854359e-04,
       -8.1550776963319471e-03, 1.9176032703035868e-04,
       9.9996672841437273e-01 ]
T: !!opencv-matrix
   rows: 3
   cols: 1
   dt: d
   data: [ -5.9869700712922858e-02, -1.4239598734234801e-04,
       7.9267484243734573e-03 ]
E: !!opencv-matrix
   rows: 3
   cols: 3
   dt: d
   data: [ -6.8320466466993189e-05, -7.9264711469563334e-03,
       -1.4143786921747535e-04, 7.4379382375507636e-03,
       -5.7990996761495410e-05, 5.9932362842265260e-02,
       -3.8240059587337156e-04, -5.9868648222003482e-02,
       8.3622032152078861e-06 ]
F: !!opencv-matrix
   rows: 3
   cols: 3
   dt: d
   data: [ -1.1082744438806243e-06, -1.2846769788941545e-04,
       3.2658252028017941e-02, 1.2055884282889297e-04,
       -9.3912767593241329e-07, 3.5867112826985947e-01,
       -3.3889267656790123e-02, -3.6357080960178589e-01, 1. ]
R1: !!opencv-matrix
   rows: 3
   cols: 3
   dt: d
   data: [ 9.9236594510051312e-01, -6.3557682461715575e-03,
       -1.2316426110997590e-01, 6.3811329301038172e-03,
       9.9997962259253326e-01, -1.8852645149247460e-04,
       1.2316294957207589e-01, -5.9884029216895993e-04,
       9.9238628025734554e-01 ]
R2: !!opencv-matrix
   rows: 3
   cols: 3
   dt: d
   data: [ 9.9134594094988537e-01, 2.3578485006342685e-03,
       -1.3125420340939431e-01, -2.3848862583664521e-03,
       9.9999715496388342e-01, -4.8802394302237072e-05,
       1.3125371491779292e-01, 3.6140640156409463e-04,
       9.9134874373536763e-01 ]
P1: !!opencv-matrix
   rows: 3
   cols: 4
   dt: d
   data: [ 1.6250118717904476e+02, 0., 4.1191309261322021e+02, 0., 0.,
       1.6250118717904476e+02, 2.7659381103515625e+02, 0., 0., 0., 1.,
       0. ]
P2: !!opencv-matrix
   rows: 3
   cols: 4
   dt: d
   data: [ 1.6250118717904476e+02, 0., 4.1191309261322021e+02,
       -9.8138268792244805e+00, 0., 1.6250118717904476e+02,
       2.7659381103515625e+02, 0., 0., 0., 1., 0. ]
Q: !!opencv-matrix
   rows: 4
   cols: 4
   dt: d
   data: [ 1., 0., 0., -4.1191309261322021e+02, 0., 1., 0.,
       -2.7659381103515625e+02, 0., 0., 0., 1.6250118717904476e+02, 0.,
       0., 1.6558391459202724e+01, 0. ]
